{
 "cells": [
  {
   "cell_type": "markdown",
   "metadata": {},
   "source": [
    "## File with generalized Model 1 that we will use to optimize all key routes"
   ]
  },
  {
   "cell_type": "markdown",
   "metadata": {},
   "source": [
    "### Packages"
   ]
  },
  {
   "cell_type": "code",
   "execution_count": 221,
   "metadata": {},
   "outputs": [],
   "source": [
    "using CSV, DataFrames, JuMP, Gurobi, Plots"
   ]
  },
  {
   "cell_type": "markdown",
   "metadata": {},
   "source": [
    "### Functions"
   ]
  },
  {
   "cell_type": "code",
   "execution_count": 233,
   "metadata": {},
   "outputs": [
    {
     "data": {
      "text/plain": [
       "all_plots (generic function with 2 methods)"
      ]
     },
     "execution_count": 233,
     "metadata": {},
     "output_type": "execute_result"
    }
   ],
   "source": [
    "function model_route(route_id, solve_category, verbose=false)\n",
    "    # function to optimize any route\n",
    "    println(\"optimizing route \" * string(route_id))\n",
    "\n",
    "    #data = CSV.read(\"data_route1.csv\", DataFrame)\n",
    "    # read in data\n",
    "    data = CSV.read(\"key_routes_grouped/data_route\" * string(route_id) * \".csv\", DataFrame)\n",
    "    \n",
    "    # get the columns we need from the data\n",
    "    on_data = data[:, 3]\n",
    "    off_data = data[:, 4]\n",
    "    load_data = data[:, 5]\n",
    "    x = data[:, 6]\n",
    "    y = data[:, 7]\n",
    "    n = length(x)\n",
    "\n",
    "    # precalculate distance matrix from x and y\n",
    "    dist = zeros(n, n)\n",
    "    for i in 1:length(x)\n",
    "        for j in 1:length(x)\n",
    "            dist[i, j] = sqrt((x[i] - x[j])^2 + (y[i] - y[j])^2)\n",
    "        end\n",
    "    end\n",
    "    dist = Matrix(dist)\n",
    "\n",
    "    # initialize lambda values and arrays to store results\n",
    "    lambda_values = 0:0.05:1\n",
    "    co2_values = zeros(length(lambda_values))\n",
    "    profit_values = zeros(length(lambda_values))\n",
    "    nb_stops = zeros(length(lambda_values))\n",
    "    co2_change = zeros(length(lambda_values))\n",
    "    profit_change = zeros(length(lambda_values))\n",
    "\n",
    "    # calcalate current co2 and profit\n",
    "    current_co2 = sum(load_data[i] * dist[i, i+1] for i in 1:n-1) + n\n",
    "    current_profit = sum(on_data[i] for i in 1:n)\n",
    "\n",
    "    # for testing purposes\n",
    "    println(\"on data: \", on_data)\n",
    "    println(\"off data: \", off_data)\n",
    "    println(\"load data: \", load_data)\n",
    "    println(\"x: \", x)\n",
    "    println(\"y: \", y)\n",
    "    println(\"n: \", n)\n",
    "    println(\"dist: \", dist)\n",
    "    println(\"current_co2: \", current_co2)\n",
    "    println(\"current_profit: \", current_profit)\n",
    "\n",
    "    # only do this if required by type\n",
    "    if solve_category == \"both\" || solve_category == \"general\"\n",
    "        # iterate across all lambdas\n",
    "        for i in 1:length(lambda_values)\n",
    "            println(\"optimizing for lambda=\", lambda_values[i])\n",
    "\n",
    "            # run optimization and retrieve objective\n",
    "            z, load, off, objective = bus_model(on_data, off_data, load_data, x, y, n, dist, lambda_values[i])\n",
    "            z_opt = abs.(round.(value.(z)))\n",
    "            load_opt = value.(load)\n",
    "            off_opt = value.(off)\n",
    "\n",
    "            # calculate model co2 and profit\n",
    "            model_co2 = sum(load_opt[i] * dist[i, i+1] for i in 1:n-1) + sum(z_opt[i] for i in 1:n)\n",
    "            model_profit = sum(z_opt[i] * on_data[i] for i in 1:n)\n",
    "\n",
    "            # add data to arrays\n",
    "            co2_values[i] = model_co2\n",
    "            profit_values[i] = model_profit\n",
    "            nb_stops[i] = sum(z_opt)\n",
    "\n",
    "            # calculate model co2 and profit improvements\n",
    "            co2_change[i] = round((current_co2 - model_co2) / current_co2 * 100, digits=1)\n",
    "            profit_change[i] = abs(round((model_profit - current_profit) / current_profit * 100, digits=1))\n",
    "\n",
    "            # add z_opt to dataframe\n",
    "            data[!, \"lambda_\" * string(lambda_values[i])] = z_opt\n",
    "\n",
    "            if verbose\n",
    "                model_stats(z, load, load_data, on_data, off, dist, n)\n",
    "            end\n",
    "        end\n",
    "\n",
    "        # put all results into a nice dataframe\n",
    "        results_df = DataFrame(lambda = lambda_values, n_stops = nb_stops, co2 = co2_values, profit = profit_values, co2_pct_reduction = co2_change, profit_pct_decrease = profit_change)\n",
    "\n",
    "        # write csvs\n",
    "        CSV.write(\"key_routes_grouped_results/route_\" * string(route_id) * \"_with_results.csv\", data)\n",
    "        CSV.write(\"key_routes_grouped_results/route_\" * string(route_id) * \"_opt_results.csv\", results_df)\n",
    "    end\n",
    "    \n",
    "    if solve_category == \"both\" || solve_category == \"no_consecutive_drops\"\n",
    "        # iterate across all lambdas\n",
    "        for i in 1:length(lambda_values)\n",
    "            println(\"optimizing for lambda=\", lambda_values[i])\n",
    "\n",
    "            # run optimization and retrieve objective\n",
    "            z, load, off, objective = bus_model_consecutive_constraint(on_data, off_data, load_data, x, y, n, dist, lambda_values[i])\n",
    "            z_opt = abs.(round.(value.(z)))\n",
    "            load_opt = value.(load)\n",
    "            off_opt = value.(off)\n",
    "\n",
    "            # calculate model co2 and profit\n",
    "            model_co2 = sum(load_opt[i] * dist[i, i+1] for i in 1:n-1) + sum(z_opt[i] for i in 1:n)\n",
    "            model_profit = sum(z_opt[i] * on_data[i] for i in 1:n)\n",
    "\n",
    "            # add data to arrays\n",
    "            co2_values[i] = model_co2\n",
    "            profit_values[i] = model_profit\n",
    "            nb_stops[i] = sum(z_opt)\n",
    "\n",
    "            # calculate model co2 and profit improvements\n",
    "            co2_change[i] = round((current_co2 - model_co2) / current_co2 * 100, digits=1)\n",
    "            profit_change[i] = abs(round((model_profit - current_profit) / current_profit * 100, digits=1))\n",
    "\n",
    "            # add z_opt to dataframe\n",
    "            data[!, \"lambda_\" * string(lambda_values[i])] = z_opt\n",
    "\n",
    "            if verbose\n",
    "                model_stats(z, load, load_data, on_data, off, dist, n)\n",
    "            end\n",
    "        end\n",
    "\n",
    "        # put all results into a nice dataframe\n",
    "        results_df = DataFrame(lambda = lambda_values, n_stops = nb_stops, co2 = co2_values, profit = profit_values, co2_pct_reduction = co2_change, profit_pct_decrease = profit_change)\n",
    "\n",
    "        # write csvs\n",
    "        CSV.write(\"key_routes_grouped_results/route_\" * string(route_id) * \"_with_results_no_consecutive_drops.csv\", data)\n",
    "        CSV.write(\"key_routes_grouped_results/route_\" * string(route_id) * \"_opt_results_no_consecutive_drops.csv\", results_df)\n",
    "    end\n",
    "\n",
    "    return results_df, data\n",
    "end\n",
    "\n",
    "function bus_model(on_data, off_data, load_data, x, y, n, dist, lambda)\n",
    "    # function to optimize the bus route for a given lambda\n",
    "\n",
    "    model = Model(Gurobi.Optimizer)\n",
    "    set_attribute(model, \"OutputFlag\", 0)\n",
    "\n",
    "    @variable(model, z[1:n], Bin)\n",
    "    @variable(model, load[1:n] >= 0)\n",
    "    @variable(model, off[1:n] >= 0)\n",
    "\n",
    "    @constraint(model, [i in 1:n], load[i] <= 40)\n",
    "    # load at bus stop j = load at bus stop j-1 + z_j * (number_go_on_at_stop_j - number_go_off_at_j-1)\n",
    "    @constraint(model, load[1] == load_data[1])\n",
    "    @constraint(model, load[n] <= 1)    # not sure here? equal to load_data or not?\n",
    "    @constraint(model, [i in 2:n], load[i] == load[i-1] + z[i] * (on_data[i] - off[i-1]))\n",
    "    # If a stop is removed, people go go off at the next available stop off_j = off_data_j + (1-z_{j-1})*off_j-1\n",
    "    @constraint(model, off[1] == off_data[1])\n",
    "    @constraint(model, [i in 2:n], off[i] == off_data[i] + (1-z[i-1]) * off[i-1])\n",
    "    # bus has to stop at first and last stop\n",
    "    @constraint(model, z[1] == 1)\n",
    "    @constraint(model, z[n] == 1)\n",
    "\n",
    "    # CO2 consumption is sum(load[i] * distance to go from i to i+1) + (penalty if bus stops at stop i)\n",
    "    @objective(model, Max, lambda * sum(z[i] * on_data[i] for i in 1:n) - (1 - lambda) * (sum(load[i] * dist[i, i+1] for i in 1:n-1) + sum(z[i] for i in 1:n)))\n",
    "\n",
    "    optimize!(model);\n",
    "\n",
    "    return z, load, off, objective_value(model)\n",
    "end\n",
    "\n",
    "function bus_model_consecutive_constraint(on_data, off_data, load_data, x, y, n, dist, lambda)\n",
    "    # function to optimize the bus route for a given lambda\n",
    "\n",
    "    model = Model(Gurobi.Optimizer)\n",
    "    set_attribute(model, \"OutputFlag\", 0)\n",
    "\n",
    "    @variable(model, z[1:n], Bin)\n",
    "    @variable(model, load[1:n] >= 0)\n",
    "    @variable(model, off[1:n] >= 0)\n",
    "\n",
    "    @constraint(model, [i in 1:n], load[i] <= 40)\n",
    "    # load at bus stop j = load at bus stop j-1 + z_j * (number_go_on_at_stop_j - number_go_off_at_j-1)\n",
    "    @constraint(model, load[1] == load_data[1])\n",
    "    @constraint(model, [i in 1:n-1], z[i] + z[i+1] >= 1) # ADDED CONSTRAINT TO NOT ALLOW CONSECUTIVE STOPS TO DROP\n",
    "    @constraint(model, load[n] <= 1)    # not sure here? equal to load_data or not?\n",
    "    @constraint(model, [i in 2:n], load[i] == load[i-1] + z[i] * (on_data[i] - off[i-1]))\n",
    "    # If a stop is removed, people go go off at the next available stop off_j = off_data_j + (1-z_{j-1})*off_j-1\n",
    "    @constraint(model, off[1] == off_data[1])\n",
    "    @constraint(model, [i in 2:n], off[i] == off_data[i] + (1-z[i-1]) * off[i-1])\n",
    "    # bus has to stop at first and last stop\n",
    "    @constraint(model, z[1] == 1)\n",
    "    @constraint(model, z[n] == 1)\n",
    "\n",
    "    # CO2 consumption is sum(load[i] * distance to go from i to i+1) + (penalty if bus stops at stop i)\n",
    "    @objective(model, Max, lambda * sum(z[i] * on_data[i] for i in 1:n) - (1 - lambda) * (sum(load[i] * dist[i, i+1] for i in 1:n-1) + sum(z[i] for i in 1:n)))\n",
    "\n",
    "    optimize!(model);\n",
    "\n",
    "    return z, load, off, objective_value(model)\n",
    "end\n",
    "\n",
    "function model_stats(z, load, load_data, on_data, off, dist, n)\n",
    "    # get absolute value and round to integer to account for cases where there's a floating point error\n",
    "    z_opt = abs.(round.(value.(z)))\n",
    "\n",
    "    println(\"\\nNumber of stops: \", sum(z_opt))\n",
    "    println(z_opt)\n",
    "\n",
    "    load_opt = value.(load)\n",
    "    println(\"Load at each stop: \", load_opt)\n",
    "    off_opt = value.(off)\n",
    "    println(\"Number of people going off at each stop: \", off_opt)\n",
    "\n",
    "    current_co2 = sum(load_data[i] * dist[i, i+1] for i in 1:n-1) + n\n",
    "    model_co2 = sum(load_opt[i] * dist[i, i+1] for i in 1:n-1) + sum(z_opt[i] for i in 1:n)\n",
    "    current_profit = sum(on_data[i] for i in 1:n)\n",
    "    model_profit = sum(z_opt[i] * on_data[i] for i in 1:n)\n",
    "\n",
    "    println(\"\\nCurrent CO2 emissions: \", sum(load_data[i] * dist[i, i+1] for i in 1:n-1) + n)\n",
    "    println(\"With our model: \", sum(load_opt[i] * dist[i, i+1] for i in 1:n-1) + sum(z_opt[i] for i in 1:n))\n",
    "    # % reduction (keep 1 decimal)\n",
    "\n",
    "    println(\"Current profit: \", sum(on_data[i] for i in 1:n))\n",
    "    println(\"With our model: \", sum(z_opt[i] * on_data[i] for i in 1:n))\n",
    "\n",
    "    # % increase\n",
    "    println(\"CO2 reduction: \", round((current_co2 - model_co2) / current_co2 * 100, digits=1), \"%\")\n",
    "    println(\"Profit decrease: \", abs(round((model_profit - current_profit) / current_profit * 100, digits=1)), \"%\")\n",
    "\n",
    "end\n",
    "\n",
    "function plot_pareto(results_df, route_id, type)\n",
    "    # plot co2 values and profit values\n",
    "    plot(results_df[:, 4], results_df[:, 3], title=\"Pareto-Optimal Frontier for Route \" * string(route_id), xlabel=\"Profit\", ylabel=\"CO2 emissions\", label=\"CO2 emissions vs Profit\", legend=:topleft, seriestype=:scatter)\n",
    "    savefig(\"key_routes_grouped_results_plots/pareto_route_\" * string(route_id) * type * \".png\") # save the most recent fig as filename_string (such as \"output.png\")\n",
    "end\n",
    "\n",
    "function plot_profit_co2_lambda(results_df, route_id, type)\n",
    "    # plot profit, co2, and lambda at once\n",
    "    plot(results_df[:, 1], results_df[:, 4], title = \"Profit and CO2 vs Lambda for Route \" * string(route_id), xlabel=\"Lambda\", ylabel=\"Calue\", label=\"Profit\", legend=:outerright, seriestype=:scatter)\n",
    "    plot!(results_df[:, 1], results_df[:, 3], xlabel=\"Lambda\", ylabel=\"Value\", label=\"CO2 emissions\", legend=:bottomright, seriestype=:scatter)\n",
    "    savefig(\"key_routes_grouped_results_plots/profit_co2_lambda_route_\" * string(route_id) * type * \".png\") # save the most recent fig as filename_string (such as \"output.png\")\n",
    "\n",
    "end\n",
    "\n",
    "function plot_stops_lambda(results_df, route_id, type)\n",
    "    # plot stops and lambda\n",
    "    plot(results_df[:, 1], results_df[:, 2], title = \"Number of Stops vs Lambda for Route \"  * string(route_id), xlabel=\"Lambda\", ylabel=\"Number of stops\", label=\"Number of stops vs Lambda\", legend=:bottomright, seriestype=:scatter)\n",
    "    savefig(\"key_routes_grouped_results_plots/stops_lambda_route_\" * string(route_id) * type * \".png\") # save the most recent fig as filename_string (such as \"output.png\")\n",
    "\n",
    "end\n",
    "\n",
    "function all_plots(route_id, type)\n",
    "    # function to plot all plots\n",
    "\n",
    "    # decide what to do based on what type\n",
    "    if type == \"general\"\n",
    "        suffix = \"\"\n",
    "        results_df = CSV.read(\"key_routes_grouped_results/route_\" * string(route_id) * \"_opt_results.csv\", DataFrame)\n",
    "    else\n",
    "        suffix = \"_no_consecutive_drops\"\n",
    "        results_df = CSV.read(\"key_routes_grouped_results/route_\" * string(route_id) * \"_opt_results_no_consecutive_drops.csv\", DataFrame)\n",
    "    end\n",
    "\n",
    "    # build all plots\n",
    "    plot_pareto(results_df, route_id, suffix)\n",
    "    plot_profit_co2_lambda(results_df, route_id, suffix)\n",
    "    plot_stops_lambda(results_df, route_id, suffix)\n",
    "end"
   ]
  },
  {
   "cell_type": "markdown",
   "metadata": {},
   "source": [
    "### Run models, produce plots, store models and plots"
   ]
  },
  {
   "cell_type": "code",
   "execution_count": 236,
   "metadata": {},
   "outputs": [
    {
     "name": "stdout",
     "output_type": "stream",
     "text": [
      "optimizing route 1\n",
      "on data: [7.815639875382104, 0.22256525862000115, 0.2948368739824316, 0.09937704244135431, 0.2980661674397016, 2.434997609212356, 2.9925134485189386, 1.7368405995700982, 1.1200957328705001, 2.250773007405078, 1.880222159587015, 1.4097579255873876, 5.2336585418808195, 1.1558360259590446, 0.9703722315453004, 0.532178062427265, 0.5073935902071749, 1.2359698027794241, 0.34675663567667975, 0.15436226833942382, 0.09275494289027451, 0.08685907255625334, 0.028750848937193818, 0.0]\n",
      "off data: [0.0, 0.020638600453311028, 0.1512225811336891, 0.03974339629525387, 0.1732594315173591, 2.0562782957817674, 1.2110266669617917, 0.3300523649280569, 0.45562931951089847, 2.1971607111663625, 0.8987239113985294, 0.8841491921547516, 2.322157909842847, 0.24006590465838526, 1.6674100616194159, 1.5137187201898952, 1.6952882392787645, 4.9159489718913685, 0.7239669429384699, 0.7753730496838437, 1.06416530340327, 1.3913511947236972, 1.1144974305914592, 6.834475477132031]\n",
      "load data: [7.967361158211614, 8.184051617005936, 8.404612853897383, 8.47368496283697, 8.81674085272148, 9.205039916462773, 10.996175248175083, 12.060263469434954, 12.722753374923018, 12.776966620319776, 13.768910060254344, 14.285194573189584, 17.197259841872746, 18.116662802564026, 17.44326355227543, 16.458810871617178, 15.266567299104002, 11.597051629505897, 11.209435211843505, 10.591061171435852, 9.598518694059557, 8.292134937884425, 7.2089622573128285, 0.38066913195771457]\n",
      "x: [-71.0846039, -71.082754, -71.0812519999999, -71.079576, -71.0762369999999, -71.073541, -71.0749309999999, -71.0769559999999, -71.080362, -71.083092, -71.084121, -71.086739, -71.0880329999999, -71.089334, -71.093543, -71.095722, -71.099486, -71.103404, -71.106017, -71.108618, -71.1107729999999, -71.1129979999999, -71.115371, -71.118124]\n",
      "y: [42.3289888, 42.3309570000001, 42.332324, 42.3320160000001, 42.3315910000001, 42.333825, 42.3349480000001, 42.336621, 42.339459, 42.34157, 42.3423030000001, 42.345331, 42.3480050000001, 42.3507730000001, 42.359183, 42.360758, 42.362988, 42.3652910000001, 42.366837, 42.36839, 42.369265, 42.3702700000001, 42.372099, 42.3732590000001]\n",
      "n: 24\n",
      "dist: [0.0 0.0027011000074842963 0.004728508501702296 0.005868877086006503 0.008762217781600022 0.012073797532258547 0.011361208520798718 0.010804668030611211 0.01129684927978147 0.012671717920235777 0.013322954404063322 0.01648108469883234 0.01932290323044524 0.022291819478331018 0.031489636746874314 0.03365849396882969 0.03711364305818121 0.04088145649138573 0.04348571138718423 0.04614251358833994 0.04803117822044705 0.050103516725401386 0.05296323051372107 0.05552880074392117; 0.0027011000074842963 0.0 0.0020309340215762047 0.0033498007403359076 0.006547766413147935 0.009649082495201904 0.008782221245297655 0.008105411772392865 0.00883208174771444 0.010618380902843595 0.0114280534212996 0.014916169112652436 0.017846628393034233 0.020879900766053117 0.030217703370617792 0.03250028653710665 0.03613785805763818 0.0400655220357881 0.042761449566084374 0.04549918664100729 0.04746121811528736 0.049600519200857215 0.0525026937689105 0.05514069372069935; 0.004728508501702296 0.0020309340215762047 0.0 0.0017040657263188382 0.005068285114301638 0.007855731792676332 0.00684400591762641 0.0060761686118887236 0.0071902938048328926 0.009427306932537587 0.010383236586080632 0.014116983318011192 0.017084370693794954 0.02014160681289408 0.02953768037612814 0.03190412600279767 0.03567575720294459 0.03971818466408723 0.04247884642977156 0.04527310804445999 0.047287703708249806 0.04947431082902814 0.05240378598923932 0.05509281812554526; 0.005868877086006503 0.0033498007403359076 0.0017040657263188382 0.0 0.0033659390963954364 0.0063002941200855965 0.005492963589981002 0.005298152980013426 0.007484386748320139 0.010180430835574862 0.011246305793455012 0.015119450849723045 0.018087812747762486 0.02114340589876312 0.030547061691664348 0.032966587327075296 0.036819463385464726 0.04092675419575182 0.04372217425966116 0.04654573707647816 0.04858745527382084 0.05079762396011322 0.0537394539792803 0.056452930419942655; 0.008762217781600022 0.006547766413147935 0.005068285114301638 0.0033659390963954364 0.0 0.0035013100403984577 0.0036020945295701266 0.005081127925860823 0.008883751966318815 0.012106670310167437 0.013300541342417961 0.017293918121671227 0.020212991169039643 0.023226720237741496 0.03257017193687423 0.03507676031216804 0.039067731057714855 0.04328667103167762 0.04614248493522819 0.04901729859956385 0.051108370860274734 0.0533613733144068 0.05632377845988836 0.059082510043217434; 0.012073797532258547 0.009649082495201904 0.007855731792676332 0.0063002941200855965 0.0035013100403984577 0.0 0.0017869608277598606 0.004413597285579013 0.008846920198568682 0.012296610345935275 0.013557761024650953 0.017509290105535227 0.020275365939971028 0.023165784100763965 0.03229718514050183 0.034891019618226965 0.03903362132828407 0.04338096270261737 0.046308559899863065 0.04924566127081779 0.05140248460913003 0.053713060553270825 0.05669786570938346 0.059520452325287625; 0.011361208520798718 0.008782221245297655 0.00684400591762641 0.005492963589981002 0.0036020945295701266 0.0017869608277598606 0.0 0.0026267002112223634 0.007060090792621053 0.010509652943846216 0.011770816666726906 0.015723725798934836 0.018497233658031378 0.021398061454316587 0.0305571884995779 0.033142446816710976 0.03727183420492169 0.04161020761790644 0.044533669476016155 0.04746768725143598 0.049621622837150596 0.05193014705351705 0.05491439156541684 0.05773532688058132; 0.010804668030611211 0.008105411772392865 0.0060761686118887236 0.005298152980013426 0.005081127925860823 0.004413597285579013 0.0026267002112223634 0.0 0.004433405012025034 0.007883089305669371 0.009144525630264574 0.013098518580432435 0.0158838088946657 0.01880143579637774 0.02800307863438179 0.030573804555591725 0.03468168953503642 0.03900596882543709 0.041923124609282776 0.04485255405221462 0.04700234276075808 0.04930802130492703 0.05229149748293234 0.05511031907016264; 0.01129684927978147 0.00883208174771444 0.0071902938048328926 0.007484386748320139 0.008883751966318815 0.008846920198568682 0.007060090792621053 0.004433405012025034 0.0 0.0034509739205035024 0.004713641585929195 0.008668708842731397 0.011483830240832067 0.014439646117629832 0.02372287792406777 0.02625979819038973 0.03032064011528047 0.03461540102332161 0.03751978023656263 0.04044013225745863 0.04258199803900753 0.0448823597530292 0.04786438844276822 0.05067946965001448; 0.012671717920235777 0.010618380902843595 0.009427306932537587 0.010180430835574862 0.012106670310167437 0.012296610345935275 0.010509652943846216 0.007883089305669371 0.0034509739205035024 0.0 0.0012633803861691372 0.005238867243979259 0.008113119375453713 0.011120151662722708 0.020480262937770638 0.022971639993697186 0.026972095951192845 0.03122920404052872 0.034117105885464676 0.03702551925362732 0.03915674636629853 0.041449473289783295 0.04442919852979853 0.047238053992585086; 0.013322954404063322 0.0114280534212996 0.010383236586080632 0.011246305793455012 0.013300541342417961 0.013557761024650953 0.011770816666726906 0.009144525630264574 0.004713641585929195 0.0012633803861691372 0.0 0.004002837493502727 0.006914951048215222 0.009945665839953637 0.01933154116972235 0.021798399620067303 0.025767274787916176 0.03000470351461527 0.03288391661579901 0.03578595503818752 0.03791145668513835 0.040199928084445155 0.043178282920861066 0.045983452947768726; 0.01648108469883234 0.014916169112652436 0.014116983318011192 0.015119450849723045 0.017293918121671227 0.017509290105535227 0.015723725798934836 0.013098518580432435 0.008668708842731397 0.005238867243979259 0.004002837493502727 0.0 0.002970641681568604 0.006029045446926361 0.015432832533272465 0.017851795932058767 0.02177741164601772 0.026002381141041322 0.028881643305043905 0.03178691746615872 0.03391857178589764 0.03621448331814344 0.039195883049115525 0.04201180083030638; 0.01932290323044524 0.017846628393034233 0.017084370693794954 0.018087812747762486 0.020212991169039643 0.020275365939971028 0.018497233658031378 0.0158838088946657 0.011483830240832067 0.008113119375453713 0.006914951048215222 0.002970641681568604 0.0 0.003058500449611118 0.012462254370654867 0.014891599309640636 0.01885898984567819 0.02313165443722226 0.026039748078651448 0.028970510005873133 0.03113029392722845 0.033451180098769594 0.036440184961119074 0.0392840017946969; 0.022291819478331018 0.020879900766053117 0.02014160681289408 0.02114340589876312 0.023226720237741496 0.023165784100763965 0.021398061454316587 0.01880143579637774 0.014439646117629832 0.011120151662722708 0.009945665839953637 0.006029045446926361 0.003058500449611118 0.0 0.009404455380207581 0.011853555120633371 0.015882988667049243 0.020217250653834524 0.02315976219646033 0.02611955866772637 0.028312272692101254 0.030661342191684506 0.033655960021898905 0.03653059397272038; 0.031489636746874314 0.030217703370617792 0.02953768037612814 0.030547061691664348 0.03257017193687423 0.03229718514050183 0.0305571884995779 0.02800307863438179 0.02372287792406777 0.020480262937770638 0.01933154116972235 0.015432832533272465 0.012462254370654867 0.009404455380207581 0.0 0.0026886178605331026 0.007056718359125783 0.011599438995106655 0.014635039870115213 0.017664214502780485 0.019962956294007118 0.02239237803357552 0.025363056598128954 0.028325948121864696; 0.03365849396882969 0.03250028653710665 0.03190412600279767 0.032966587327075296 0.03507676031216804 0.034891019618226965 0.033142446816710976 0.030573804555591725 0.02625979819038973 0.022971639993697186 0.021798399620067303 0.017851795932058767 0.014891599309640636 0.011853555120633371 0.0026886178605331026 0.0 0.004374996685718605 0.008919709244194088 0.01195580469897287 0.01498513396671263 0.017288772368130242 0.01972151921122721 0.022687033345064774 0.025653939366157327; 0.03711364305818121 0.03613785805763818 0.03567575720294459 0.036819463385464726 0.039067731057714855 0.03903362132828407 0.03727183420492169 0.03468168953503642 0.03032064011528047 0.026972095951192845 0.025767274787916176 0.02177741164601772 0.01885898984567819 0.015882988667049243 0.007056718359125783 0.004374996685718605 0.0 0.0045447258443648665 0.007580815391493449 0.010610137982142907 0.012914995083143668 0.015349321418188627 0.018312387774396383 0.021280706872700443; 0.04088145649138573 0.0400655220357881 0.03971818466408723 0.04092675419575182 0.04328667103167762 0.04338096270261737 0.04161020761790644 0.03900596882543709 0.03461540102332161 0.03122920404052872 0.03000470351461527 0.026002381141041322 0.02313165443722226 0.020217250653834524 0.011599438995106655 0.008919709244194088 0.0045447258443648665 0.0 0.0030360970010306796 0.006065442852708623 0.00837226594164901 0.010809036821022154 0.013768004684724753 0.01673820253192922; 0.04348571138718423 0.042761449566084374 0.04247884642977156 0.04372217425966116 0.04614248493522819 0.046308559899863065 0.044533669476016155 0.041923124609282776 0.03751978023656263 0.034117105885464676 0.03288391661579901 0.028881643305043905 0.026039748078651448 0.02315976219646033 0.014635039870115213 0.01195580469897287 0.007580815391493449 0.0030360970010306796 0.0 0.0030293580178100622 0.005339917602273179 0.007779450494697311 0.010732472222188816 0.013704799633752143; 0.04614251358833994 0.04549918664100729 0.04527310804445999 0.04654573707647816 0.04901729859956385 0.04924566127081779 0.04746768725143598 0.04485255405221462 0.04044013225745863 0.03702551925362732 0.03578595503818752 0.03178691746615872 0.028970510005873133 0.02611955866772637 0.017664214502780485 0.01498513396671263 0.010610137982142907 0.006065442852708623 0.0030293580178100622 0.0 0.002325865430225772 0.004766424236204874 0.007704523995670195 0.01068041183666277; 0.04803117822044705 0.04746121811528736 0.047287703708249806 0.04858745527382084 0.051108370860274734 0.05140248460913003 0.049621622837150596 0.04700234276075808 0.04258199803900753 0.03915674636629853 0.03791145668513835 0.03391857178589764 0.03113029392722845 0.028312272692101254 0.019962956294007118 0.017288772368130242 0.012914995083143668 0.00837226594164901 0.005339917602273179 0.002325865430225772 0.0 0.0024414442447540283 0.005401218381155125 0.008365957028472308; 0.050103516725401386 0.049600519200857215 0.04947431082902814 0.05079762396011322 0.0533613733144068 0.053713060553270825 0.05193014705351705 0.04930802130492703 0.0448823597530292 0.041449473289783295 0.040199928084445155 0.03621448331814344 0.033451180098769594 0.030661342191684506 0.02239237803357552 0.01972151921122721 0.015349321418188627 0.010809036821022154 0.007779450494697311 0.004766424236204874 0.0024414442447540283 0.0 0.0029960590782010157 0.0059338012269466705; 0.05296323051372107 0.0525026937689105 0.05240378598923932 0.0537394539792803 0.05632377845988836 0.05669786570938346 0.05491439156541684 0.05229149748293234 0.04786438844276822 0.04442919852979853 0.043178282920861066 0.039195883049115525 0.036440184961119074 0.033655960021898905 0.025363056598128954 0.022687033345064774 0.018312387774396383 0.013768004684724753 0.010732472222188816 0.007704523995670195 0.005401218381155125 0.0029960590782010157 0.0 0.002987408408674529; 0.05552880074392117 0.05514069372069935 0.05509281812554526 0.056452930419942655 0.059082510043217434 0.059520452325287625 0.05773532688058132 0.05511031907016264 0.05067946965001448 0.047238053992585086 0.045983452947768726 0.04201180083030638 0.0392840017946969 0.03653059397272038 0.028325948121864696 0.025653939366157327 0.021280706872700443 0.01673820253192922 0.013704799633752143 0.01068041183666277 0.008365957028472308 0.0059338012269466705 0.002987408408674529 0.0]\n",
      "current_co2: 24.94313335655125\n",
      "current_profit: 32.900577723815815\n",
      "optimizing for lambda=0.0\n",
      "Set parameter Username\n",
      "Academic license - for non-commercial use only - expires 2024-08-22\n",
      "optimizing for lambda=0.05\n",
      "Set parameter Username\n",
      "Academic license - for non-commercial use only - expires 2024-08-22\n",
      "optimizing for lambda=0.1\n",
      "Set parameter Username\n",
      "Academic license - for non-commercial use only - expires 2024-08-22\n",
      "optimizing for lambda=0.15\n",
      "Set parameter Username\n",
      "Academic license - for non-commercial use only - expires 2024-08-22\n",
      "optimizing for lambda=0.2\n",
      "Set parameter Username\n",
      "Academic license - for non-commercial use only - expires 2024-08-22\n",
      "optimizing for lambda=0.25\n",
      "Set parameter Username\n",
      "Academic license - for non-commercial use only - expires 2024-08-22\n",
      "optimizing for lambda=0.3\n",
      "Set parameter Username\n",
      "Academic license - for non-commercial use only - expires 2024-08-22\n",
      "optimizing for lambda=0.35\n",
      "Set parameter Username\n",
      "Academic license - for non-commercial use only - expires 2024-08-22\n",
      "optimizing for lambda=0.4\n",
      "Set parameter Username\n",
      "Academic license - for non-commercial use only - expires 2024-08-22\n",
      "optimizing for lambda=0.45\n",
      "Set parameter Username\n",
      "Academic license - for non-commercial use only - expires 2024-08-22\n",
      "optimizing for lambda=0.5\n",
      "Set parameter Username\n",
      "Academic license - for non-commercial use only - expires 2024-08-22\n",
      "optimizing for lambda=0.55\n",
      "Set parameter Username\n",
      "Academic license - for non-commercial use only - expires 2024-08-22\n",
      "optimizing for lambda=0.6\n",
      "Set parameter Username\n",
      "Academic license - for non-commercial use only - expires 2024-08-22\n",
      "optimizing for lambda=0.65\n",
      "Set parameter Username\n",
      "Academic license - for non-commercial use only - expires 2024-08-22\n",
      "optimizing for lambda=0.7\n",
      "Set parameter Username\n",
      "Academic license - for non-commercial use only - expires 2024-08-22\n",
      "optimizing for lambda=0.75\n",
      "Set parameter Username\n",
      "Academic license - for non-commercial use only - expires 2024-08-22\n",
      "optimizing for lambda=0.8\n",
      "Set parameter Username\n",
      "Academic license - for non-commercial use only - expires 2024-08-22\n",
      "optimizing for lambda=0.85\n",
      "Set parameter Username\n",
      "Academic license - for non-commercial use only - expires 2024-08-22\n",
      "optimizing for lambda=0.9\n",
      "Set parameter Username\n",
      "Academic license - for non-commercial use only - expires 2024-08-22\n",
      "optimizing for lambda=0.95\n",
      "Set parameter Username\n",
      "Academic license - for non-commercial use only - expires 2024-08-22\n",
      "optimizing for lambda=1.0\n",
      "Set parameter Username\n",
      "Academic license - for non-commercial use only - expires 2024-08-22\n",
      "optimizing route 15\n",
      "on data: [6.363414813686666, 1.651477561173723, 0.4295347074153045, 1.4165745084103292, 0.08735015399194503, 6.533012837597724, 0.8824038290689411, 0.6021453002842928, 0.43655939054726367, 0.3376545842217484, 0.40744980454868507, 0.2560321162046908, 0.24319829424307038, 0.3147145966595594, 0.25825848436389476, 0.27288468372423597, 0.10161713752665248, 0.05407960199004977, 0.0289587775408671, 0.056334399431414356, 0.18164934257285004, 0.07223999052357255, 0.23473110637289732, 0.2539119876806445, 0.017928216062544414, 0.13347251836057814, 0.1424751243781095, 0.14800402748163954, 0.015046789860222683, 0.005662165363657883, 0.0, 0.0]\n",
      "off data: [0.0, 0.07583231800182763, 0.011108031272210373, 0.19627221037668793, 0.12182113243307277, 0.551248001066098, 0.30463019722814505, 0.5524633528784649, 0.7378700248756218, 0.7895273631840799, 1.2556787491115846, 0.8524582444918267, 0.9387506663113007, 2.4769209754797443, 0.7106896321961622, 1.069950026652452, 0.8618323560767595, 3.486787269012082, 0.20173063255152812, 0.902430703624733, 1.617220149253731, 0.36870409855484465, 1.2284440890784165, 0.7787046908315576, 0.22683901918976535, 0.4393597488746745, 0.4381722340677565, 0.7435678749111578, 0.35130597014925363, 0.6193200663349918, 3.845827410566217, 1.535]\n",
      "load data: [6.388445527464717, 7.983646563102851, 7.885039564084341, 9.108873015873018, 9.065719497749349, 14.44851767945985, 15.069523365316277, 15.120833555437102, 14.786127176616914, 14.329012304548684, 13.483054371002135, 12.868851723525232, 12.156163379530915, 9.981831911869222, 9.516087420042648, 8.701102523098797, 7.93381996268657, 4.497967306325515, 8.736333511016344, 7.908648276474769, 6.489633084577114, 7.79667140488036, 6.810450722577588, 6.256686804074865, 6.058795309168443, 5.841802890310354, 5.566746624022744, 4.912689528547738, 4.582782515991472, 3.9902600094764282, 0.14900201374081976, 0.2175]\n",
      "x: [-71.0918606, -71.0926919999999, -71.0898579999999, -71.08842, -71.086203, -71.0846039, -71.0810099999999, -71.0774029999999, -71.074964, -71.073931, -71.072268, -71.071274, -71.0692529999999, -71.066499, -71.065682, -71.065955, -71.064654, -71.062716, -71.063141, -71.0643259999999, -71.06501, -71.066004, -71.0669819999999, -71.068298, -71.0697279999999, -71.071427, -71.069671, -71.0676099999999, -71.066358, -71.0648849999999, -71.0647573, -71.0643709999999]\n",
      "y: [42.3366446, 42.331197, 42.3309750000001, 42.330605, 42.329483, 42.3289888, 42.3284340000001, 42.3276020000001, 42.3250780000001, 42.3236430000001, 42.321257, 42.3200620000001, 42.3187100000001, 42.3175850000001, 42.3167800000001, 42.314891, 42.3126770000001, 42.310318, 42.310102, 42.308815, 42.308167, 42.307218, 42.3063270000001, 42.3052920000001, 42.304293, 42.303498, 42.3022920000001, 42.301075, 42.3003350000001, 42.299473, 42.2989063, 42.3081010000001]\n",
      "n: 32\n",
